	149	249	349	449	549	649	749	849	949	1049	1149	1249	1349	1449	1549	1649	1749	1849	1949	2049	2149	2249	2349	2449	2549	2649	2749	2849	2949	3049	3149	3249	3349	3449	3549	3649	3749	3849	3949	4049	4149	4249	4349	4449	4549	4649	4749	4849	4949	5049	5149	5205
AOJ447_pass_17d80546_8c1c4ab7_0	1.0	1.0	0.0	2.0	2.0	1.0	5.0	0.0	3.0	11.0	28.0	18.0	21.0	28.0	23.0	15.0	5.0	3.0	28.0	680.0	40.0	11.0	10.0	8.0	6.0	4.0	3.0	2.0	0.0	3.0	3.0	2.0	1.0	3.0	1.0	0.0	1.0	4.0	7.0	8.0	4.0	1.0	1.0	0.0	0.0	0.0	0.0	1.0	0.0	0.0	0.0	1.0
	299	499	699	899	1099	1299	1499	1699	1899	2099	2299	2499	2699	2899	3099	3299	3499	3699	3899	4099	4299	4499	4699	4899	5099	5299	5499	5699	5899	6099	6299	6499	6699	6899	7099	7299	7499	7699	7880
AOJ447_pass_17d80546_8c1c4ab7_1	2.0	2.0	7.0	4.0	33.0	31.0	49.0	17.0	44.0	723.0	32.0	6.0	9.0	1.0	2.0	2.0	2.0	0.0	11.0	11.0	6.0	3.0	1.0	1.0	0.0	0.0	0.0	0.0	0.0	0.0	0.0	0.0	0.0	0.0	0.0	0.0	0.0	0.0	1.0
	299	499	699	899	1099	1299	1499	1699	1899	2099	2299	2499	2699	2899	3099	3299	3499	3699	3899	4099	4299	4499	4699	4899	5099	5299	5499	5699	5899	6078
AOJ447_pass_17d80546_8c1c4ab7_10	2.0	8.0	6.0	3.0	28.0	26.0	24.0	19.0	41.0	747.0	25.0	24.0	9.0	3.0	2.0	0.0	3.0	2.0	5.0	11.0	6.0	1.0	1.0	0.0	0.0	1.0	1.0	0.0	1.0	1.0
	499	699	899	1099	1299	1499	1699	1899	2099	2299	2499	2699	2899	3099	3299	3499	3699	3899	4099	4299	4499	4699	4899	5099	5299	5499	5699	5852
AOJ447_pass_17d80546_8c1c4ab7_100	5.0	7.0	2.0	20.0	30.0	20.0	15.0	86.0	648.0	18.0	14.0	9.0	4.0	1.0	0.0	4.0	1.0	15.0	8.0	2.0	0.0	0.0	1.0	0.0	0.0	0.0	0.0	1.0
	299	499	699	899	1099	1299	1499	1699	1899	2099	2299	2499	2699	2899	3099	3299	3499	3699	3899	4099	4299	4499	4699	4899	5099	5299	5499	5699	5899	6043
AOJ447_pass_17d80546_8c1c4ab7_11	3.0	5.0	5.0	4.0	26.0	30.0	31.0	12.0	41.0	741.0	27.0	24.0	8.0	1.0	1.0	3.0	1.0	2.0	15.0	11.0	1.0	2.0	2.0	3.0	0.0	0.0	0.0	0.0	0.0	1.0
	99	299	499	699	899	1099	1299	1499	1699	1899	2099	2299	2499	2699	2899	3099	3299	3499	3699	3899	4099	4299	4499	4699	4899	5099	5299	5412
AOJ447_pass_17d80546_8c1c4ab7_12	1.0	1.0	3.0	1.0	2.0	32.0	27.0	41.0	18.0	29.0	749.0	24.0	18.0	8.0	3.0	0.0	1.0	1.0	4.0	11.0	19.0	6.0	0.0	0.0	0.0	0.0	0.0	1.0
	99	299	499	699	899	1099	1299	1499	1699	1899	2099	2299	2499	2699	2899	3099	3299	3499	3699	3899	4099	4299	4499	4699	4899	5099	5299	5499	5699	5899	6099	6299	6499	6699	6899	7099	7299	7499	7699	7899	8036
AOJ447_pass_17d80546_8c1c4ab7_13	1.0	4.0	4.0	6.0	4.0	25.0	37.0	31.0	18.0	38.0	739.0	25.0	12.0	8.0	2.0	3.0	1.0	1.0	1.0	16.0	14.0	6.0	1.0	2.0	0.0	0.0	0.0	0.0	0.0	0.0	0.0	0.0	0.0	0.0	0.0	0.0	0.0	0.0	0.0	0.0	1.0
	299	499	699	899	1099	1299	1499	1699	1899	2099	2299	2499	2699	2899	3099	3299	3499	3699	3899	4099	4299	4499	4699	4899	5099	5299	5493
AOJ447_pass_17d80546_8c1c4ab7_14	2.0	3.0	0.0	4.0	28.0	29.0	31.0	13.0	43.0	729.0	33.0	23.0	11.0	1.0	3.0	2.0	0.0	0.0	11.0	22.0	4.0	5.0	0.0	1.0	1.0	0.0	1.0
	299	499	699	899	1099	1299	1499	1699	1899	2099	2299	2499	2699	2899	3099	3299	3499	3699	3899	4099	4299	4499	4699	4899	5099	5299	5499	5699	5899	6009
AOJ447_pass_17d80546_8c1c4ab7_15	3.0	3.0	3.0	3.0	41.0	34.0	32.0	24.0	46.0	716.0	27.0	9.0	8.0	0.0	0.0	0.0	2.0	2.0	13.0	28.0	2.0	2.0	0.0	0.0	1.0	0.0	0.0	0.0	0.0	1.0
	249	349	449	549	649	749	849	949	1049	1149	1249	1349	1449	1549	1649	1749	1849	1949	2049	2149	2249	2349	2449	2549	2649	2749	2849	2949	3049	3149	3249	3349	3449	3549	3649	3749	3849	3949	4049	4149	4249	4349	4449	4549	4649	4749	4849	4931
AOJ447_pass_17d80546_8c1c4ab7_16	3.0	0.0	0.0	0.0	0.0	2.0	1.0	2.0	5.0	25.0	11.0	19.0	13.0	23.0	5.0	10.0	9.0	41.0	690.0	42.0	15.0	8.0	11.0	5.0	8.0	2.0	3.0	0.0	0.0	2.0	2.0	0.0	0.0	1.0	0.0	2.0	2.0	16.0	10.0	5.0	3.0	1.0	1.0	1.0	0.0	0.0	0.0	1.0
	149	249	349	449	549	649	749	849	949	1049	1149	1249	1349	1449	1549	1649	1749	1849	1949	2049	2149	2249	2349	2449	2549	2649	2749	2849	2949	3049	3149	3249	3349	3449	3549	3649	3749	3849	3949	4049	4149	4249	4349	4449	4549	4649	4749	4849	4902
AOJ447_pass_17d80546_8c1c4ab7_17	1.0	1.0	1.0	1.0	2.0	1.0	0.0	0.0	2.0	4.0	23.0	11.0	19.0	16.0	8.0	11.0	7.0	8.0	29.0	711.0	37.0	16.0	15.0	11.0	5.0	4.0	4.0	2.0	2.0	2.0	0.0	0.0	2.0	0.0	2.0	2.0	0.0	2.0	15.0	14.0	3.0	0.0	2.0	1.0	0.0	1.0	1.0	0.0	1.0
	299	499	699	899	1099	1299	1499	1699	1899	2099	2299	2499	2699	2899	3099	3299	3499	3699	3899	4099	4299	4499	4699	4899	5099	5281
AOJ447_pass_17d80546_8c1c4ab7_18	3.0	6.0	3.0	4.0	33.0	25.0	18.0	15.0	52.0	760.0	23.0	15.0	7.0	3.0	2.0	0.0	0.0	0.0	10.0	15.0	4.0	0.0	0.0	1.0	0.0	1.0
	99	299	499	699	899	1099	1299	1499	1699	1899	2099	2299	2499	2699	2899	3099	3299	3499	3699	3899	4099	4299	4499	4699	4899	5099	5299	5499	5699	5899	6099	6299	6420
AOJ447_pass_17d80546_8c1c4ab7_19	1.0	2.0	4.0	5.0	4.0	18.0	27.0	34.0	17.0	39.0	754.0	24.0	11.0	5.0	1.0	2.0	1.0	0.0	0.0	9.0	33.0	1.0	0.0	0.0	2.0	0.0	0.0	1.0	0.0	1.0	2.0	1.0	1.0
	299	499	699	899	1099	1299	1499	1699	1899	2099	2299	2499	2699	2899	3099	3299	3499	3699	3899	4099	4299	4499	4699	4899	5099	5299	5499	5699	5899	6099	6235
AOJ447_pass_17d80546_8c1c4ab7_2	1.0	5.0	5.0	6.0	30.0	27.0	39.0	27.0	40.0	711.0	32.0	19.0	10.0	3.0	3.0	1.0	4.0	0.0	8.0	22.0	3.0	1.0	0.0	2.0	0.0	0.0	0.0	0.0	0.0	0.0	1.0
	299	499	699	899	1099	1299	1499	1699	1899	2099	2299	2499	2699	2899	3099	3299	3499	3699	3899	4099	4299	4499	4699	4899	5099	5299	5499	5699	5899	6099	6299	6499	6699	6814
AOJ447_pass_17d80546_8c1c4ab7_20	1.0	5.0	4.0	4.0	27.0	17.0	23.0	16.0	56.0	758.0	20.0	22.0	8.0	1.0	0.0	1.0	0.0	2.0	8.0	16.0	2.0	3.0	1.0	1.0	1.0	0.0	1.0	0.0	1.0	0.0	0.0	0.0	0.0	1.0
	99	299	499	699	899	1099	1299	1499	1699	1899	2099	2299	2499	2699	2899	3099	3299	3499	3699	3899	4099	4299	4499	4699	4899	5099	5299	5499	5699	5896
AOJ447_pass_17d80546_8c1c4ab7_21	1.0	1.0	4.0	1.0	9.0	20.0	25.0	33.0	18.0	34.0	766.0	23.0	17.0	3.0	2.0	1.0	0.0	0.0	2.0	10.0	17.0	6.0	1.0	0.0	4.0	1.0	0.0	0.0	0.0	1.0
	149	249	349	449	549	649	749	849	949	1049	1149	1249	1349	1449	1549	1649	1749	1849	1949	2049	2149	2249	2349	2449	2549	2649	2749	2849	2949	3049	3149	3249	3349	3449	3549	3649	3749	3849	3949	4049	4149	4249	4349	4449	4549	4649	4749	4849	4949	5049	5141
AOJ447_pass_17d80546_8c1c4ab7_22	4.0	2.0	3.0	3.0	19.0	3.0	37.0	5.0	8.0	11.0	21.0	60.0	32.0	10.0	21.0	12.0	4.0	6.0	35.0	577.0	38.0	5.0	11.0	12.0	9.0	8.0	4.0	0.0	1.0	1.0	1.0	2.0	0.0	3.0	2.0	0.0	0.0	0.0	7.0	10.0	2.0	4.0	2.0	2.0	0.0	0.0	0.0	2.0	0.0	0.0	1.0
	299	499	699	899	1099	1299	1499	1699	1899	2099	2299	2499	2699	2899	3099	3299	3499	3699	3899	4099	4299	4499	4699	4899	5099	5299	5499	5699	5899	6099	6299	6499	6699	6899	7099	7299	7499	7699	7899	8099	8299	8499	8665
AOJ447_pass_17d80546_8c1c4ab7_23	7.0	15.0	48.0	11.0	27.0	89.0	41.0	8.0	40.0	597.0	30.0	26.0	7.0	5.0	0.0	4.0	1.0	3.0	16.0	13.0	4.0	2.0	0.0	2.0	2.0	1.0	0.0	0.0	0.0	0.0	0.0	0.0	0.0	0.0	0.0	0.0	0.0	0.0	0.0	0.0	0.0	0.0	1.0
	149	249	349	449	549	649	749	849	949	1049	1149	1249	1349	1449	1549	1649	1749	1849	1949	2049	2149	2249	2349	2449	2549	2649	2749	2849	2949	3049	3149	3249	3349	3449	3549	3649	3749	3849	3949	4049	4149	4249	4349	4449	4549	4649	4749	4849	4949	5049	5149	5215
AOJ447_pass_17d80546_8c1c4ab7_24	1.0	1.0	3.0	2.0	8.0	2.0	7.0	1.0	1.0	4.0	12.0	25.0	15.0	13.0	19.0	8.0	6.0	16.0	37.0	666.0	46.0	16.0	12.0	16.0	9.0	4.0	4.0	0.0	1.0	3.0	0.0	0.0	1.0	0.0	1.0	0.0	3.0	4.0	11.0	5.0	5.0	1.0	4.0	0.0	4.0	0.0	1.0	1.0	0.0	0.0	0.0	1.0
	299	499	699	899	1099	1299	1499	1699	1899	2099	2299	2499	2699	2899	3099	3299	3499	3699	3899	4099	4299	4499	4699	4899	5099	5273
AOJ447_pass_17d80546_8c1c4ab7_25	2.0	2.0	4.0	3.0	17.0	29.0	26.0	10.0	48.0	769.0	16.0	21.0	10.0	1.0	2.0	0.0	1.0	1.0	19.0	12.0	2.0	2.0	1.0	0.0	1.0	1.0
	99	299	499	699	899	1099	1299	1499	1699	1899	2099	2299	2499	2699	2899	3099	3299	3499	3699	3899	4099	4299	4499	4699	4899	5099	5299	5499	5699	5899	6099	6299	6499	6699	6899	7099	7299	7499	7699	7899	8099	8299	8499	8699	8884
AOJ447_pass_17d80546_8c1c4ab7_26	1.0	3.0	6.0	2.0	1.0	23.0	29.0	22.0	19.0	40.0	764.0	21.0	16.0	8.0	4.0	0.0	2.0	0.0	1.0	14.0	16.0	6.0	1.0	0.0	0.0	0.0	0.0	0.0	0.0	0.0	0.0	0.0	0.0	0.0	0.0	0.0	0.0	0.0	0.0	0.0	0.0	0.0	0.0	0.0	1.0
	149	249	349	449	549	649	749	849	949	1049	1149	1249	1349	1449	1549	1649	1749	1849	1949	2049	2149	2249	2349	2449	2549	2649	2749	2849	2949	3049	3149	3249	3349	3449	3549	3649	3749	3849	3949	4049	4149	4249	4349	4449	4549	4649	4749	4849	4949	5016
AOJ447_pass_17d80546_8c1c4ab7_27	1.0	1.0	1.0	0.0	2.0	4.0	0.0	2.0	2.0	5.0	22.0	8.0	24.0	9.0	14.0	6.0	3.0	13.0	38.0	702.0	47.0	13.0	11.0	8.0	7.0	2.0	4.0	2.0	1.0	0.0	1.0	3.0	1.0	0.0	1.0	0.0	2.0	1.0	14.0	13.0	7.0	3.0	0.0	0.0	1.0	0.0	0.0	0.0	0.0	1.0
	299	499	699	899	1099	1299	1499	1699	1899	2099	2299	2499	2699	2899	3099	3299	3499	3699	3899	4099	4299	4499	4699	4899	5099	5299	5499	5699	5899	6099	6226
AOJ447_pass_17d80546_8c1c4ab7_28	4.0	1.0	2.0	2.0	20.0	30.0	28.0	5.0	43.0	777.0	27.0	19.0	6.0	2.0	3.0	0.0	1.0	2.0	8.0	13.0	4.0	2.0	0.0	0.0	0.0	0.0	0.0	0.0	0.0	0.0	1.0
	99	299	499	699	899	1099	1299	1499	1699	1899	2099	2299	2499	2699	2899	3099	3299	3499	3699	3899	4099	4299	4499	4699	4899	5099	5299	5499	5699	5899	6099	6299	6499	6699	6899	7056
AOJ447_pass_17d80546_8c1c4ab7_29	1.0	3.0	8.0	11.0	2.0	20.0	22.0	29.0	13.0	42.0	767.0	19.0	13.0	10.0	1.0	2.0	0.0	1.0	2.0	10.0	16.0	4.0	1.0	1.0	0.0	0.0	0.0	0.0	0.0	0.0	1.0	0.0	0.0	0.0	0.0	1.0
	299	499	699	899	1099	1299	1499	1699	1899	2099	2299	2499	2699	2899	3099	3299	3499	3699	3899	4099	4299	4499	4699	4899	5099	5299	5499	5699	5899	6099	6211
AOJ447_pass_17d80546_8c1c4ab7_3	1.0	3.0	6.0	11.0	34.0	33.0	42.0	10.0	41.0	726.0	19.0	18.0	10.0	3.0	2.0	1.0	2.0	1.0	8.0	17.0	2.0	7.0	0.0	1.0	0.0	0.0	0.0	0.0	1.0	0.0	1.0
	99	299	499	699	899	1099	1299	1499	1699	1899	2099	2299	2499	2699	2899	3099	3299	3499	3699	3899	4099	4299	4499	4699	4899	5099	5299	5499	5699	5899	6099	6227
AOJ447_pass_17d80546_8c1c4ab7_30	1.0	0.0	7.0	7.0	1.0	11.0	42.0	21.0	11.0	38.0	757.0	20.0	14.0	5.0	3.0	3.0	2.0	2.0	1.0	21.0	20.0	7.0	1.0	1.0	1.0	1.0	1.0	0.0	0.0	0.0	0.0	1.0
	99	299	499	699	899	1099	1299	1499	1699	1899	2099	2299	2499	2699	2899	3099	3299	3499	3699	3899	4099	4299	4499	4699	4899	5099	5299	5499	5699	5899	6034
AOJ447_pass_17d80546_8c1c4ab7_31	1.0	2.0	2.0	1.0	4.0	23.0	20.0	26.0	17.0	43.0	776.0	24.0	16.0	8.0	3.0	1.0	1.0	4.0	1.0	9.0	10.0	1.0	3.0	1.0	0.0	1.0	1.0	0.0	0.0	0.0	1.0
	299	499	699	899	1099	1299	1499	1699	1899	2099	2299	2499	2699	2899	3099	3299	3499	3699	3899	4099	4299	4499	4699	4899	5099	5299	5499	5699	5899	6099	6299	6499	6699	6899	7099	7299	7499	7699	7899	8099	8254
AOJ447_pass_17d80546_8c1c4ab7_32	2.0	5.0	5.0	2.0	22.0	19.0	33.0	20.0	43.0	744.0	29.0	14.0	4.0	4.0	1.0	3.0	2.0	1.0	16.0	11.0	6.0	3.0	0.0	4.0	2.0	0.0	0.0	1.0	0.0	2.0	1.0	0.0	0.0	0.0	0.0	0.0	0.0	0.0	0.0	0.0	1.0
	299	499	699	899	1099	1299	1499	1699	1899	2099	2299	2499	2699	2899	3099	3299	3499	3699	3899	4099	4299	4499	4699	4899	5099	5299	5499	5699	5899	6099	6290
AOJ447_pass_17d80546_8c1c4ab7_33	1.0	5.0	3.0	3.0	29.0	25.0	36.0	15.0	40.0	753.0	29.0	18.0	9.0	2.0	1.0	1.0	0.0	2.0	11.0	9.0	5.0	0.0	1.0	0.0	0.0	1.0	0.0	0.0	0.0	0.0	1.0
	99	299	499	699	899	1099	1299	1499	1699	1899	2099	2299	2499	2699	2899	3099	3299	3499	3699	3899	4099	4299	4499	4699	4899	5099	5299	5499	5699	5827
AOJ447_pass_17d80546_8c1c4ab7_34	2.0	3.0	7.0	2.0	1.0	17.0	27.0	31.0	23.0	39.0	773.0	17.0	14.0	7.0	5.0	3.0	1.0	3.0	1.0	8.0	9.0	4.0	0.0	0.0	2.0	0.0	0.0	0.0	0.0	1.0
	149	249	349	449	549	649	749	849	949	1049	1149	1249	1349	1449	1549	1649	1749	1849	1949	2049	2149	2249	2349	2449	2549	2649	2749	2849	2949	3049	3149	3249	3349	3449	3549	3649	3749	3849	3949	4049	4149	4249	4349	4432
AOJ447_pass_17d80546_8c1c4ab7_35	2.0	0.0	2.0	3.0	2.0	2.0	3.0	3.0	5.0	3.0	17.0	10.0	18.0	15.0	16.0	14.0	5.0	13.0	35.0	683.0	61.0	16.0	7.0	14.0	6.0	2.0	2.0	0.0	1.0	0.0	1.0	1.0	3.0	0.0	2.0	0.0	0.0	2.0	11.0	10.0	5.0	2.0	1.0	2.0
	99	299	499	699	899	1099	1299	1499	1699	1899	2099	2299	2499	2699	2899	3099	3299	3499	3699	3899	4099	4299	4499	4699	4899	5099	5299	5499	5690
AOJ447_pass_17d80546_8c1c4ab7_36	1.0	1.0	8.0	3.0	3.0	23.0	29.0	25.0	27.0	46.0	738.0	26.0	12.0	15.0	3.0	2.0	2.0	0.0	1.0	9.0	19.0	5.0	0.0	1.0	0.0	0.0	0.0	0.0	1.0
	99	299	499	699	899	1099	1299	1499	1699	1899	2099	2299	2499	2699	2899	3099	3299	3499	3699	3899	4099	4299	4499	4699	4899	5099	5299	5499	5663
AOJ447_pass_17d80546_8c1c4ab7_37	1.0	2.0	1.0	4.0	4.0	24.0	21.0	41.0	20.0	61.0	735.0	24.0	12.0	7.0	5.0	2.0	1.0	3.0	2.0	12.0	11.0	3.0	3.0	0.0	0.0	0.0	0.0	0.0	1.0
	99	299	499	699	899	1099	1299	1499	1699	1899	2099	2299	2499	2699	2899	3099	3299	3499	3699	3899	4099	4299	4499	4699	4899	5099	5299	5499	5699	5840
AOJ447_pass_17d80546_8c1c4ab7_38	1.0	1.0	27.0	41.0	11.0	22.0	63.0	35.0	19.0	34.0	657.0	24.0	13.0	8.0	3.0	1.0	1.0	0.0	0.0	13.0	15.0	6.0	1.0	0.0	0.0	2.0	1.0	0.0	0.0	1.0
	149	249	349	449	549	649	749	849	949	1049	1149	1249	1349	1449	1549	1649	1749	1849	1949	2049	2149	2249	2349	2449	2549	2649	2749	2849	2949	3049	3149	3249	3349	3449	3549	3649	3749	3849	3949	4049	4149	4249	4349	4449	4549	4649	4742
AOJ447_pass_17d80546_8c1c4ab7_39	5.0	2.0	1.0	6.0	30.0	5.0	88.0	8.0	5.0	10.0	19.0	104.0	46.0	15.0	30.0	12.0	14.0	7.0	24.0	459.0	32.0	10.0	11.0	6.0	6.0	8.0	3.0	2.0	0.0	1.0	1.0	3.0	1.0	0.0	1.0	1.0	0.0	1.0	5.0	9.0	4.0	4.0	0.0	0.0	0.0	0.0	1.0
	449	549	649	749	849	949	1049	1149	1249	1349	1449	1549	1649	1749	1849	1949	2049	2149	2249	2349	2449	2549	2649	2749	2849	2949	3049	3149	3249	3349	3449	3549	3649	3749	3849	3949	4049	4149	4249	4349	4449	4549	4649	4749	4849	4949	5049	5149	5223
AOJ447_pass_17d80546_8c1c4ab7_4	1.0	1.0	1.0	1.0	2.0	4.0	2.0	20.0	9.0	14.0	25.0	23.0	17.0	2.0	14.0	39.0	678.0	41.0	11.0	13.0	15.0	11.0	5.0	4.0	1.0	1.0	0.0	2.0	2.0	1.0	1.0	1.0	2.0	3.0	2.0	5.0	10.0	6.0	4.0	1.0	1.0	1.0	0.0	0.0	0.0	1.0	0.0	0.0	2.0
	149	249	349	449	549	649	749	849	949	1049	1149	1249	1349	1449	1549	1649	1749	1849	1949	2049	2149	2249	2349	2449	2549	2649	2749	2849	2949	3049	3149	3249	3349	3449	3549	3649	3749	3849	3949	4049	4149	4249	4349	4449	4549	4649	4749	4821
AOJ447_pass_17d80546_8c1c4ab7_40	1.0	4.0	3.0	1.0	10.0	1.0	22.0	1.0	5.0	4.0	16.0	36.0	28.0	14.0	21.0	6.0	6.0	6.0	29.0	643.0	45.0	19.0	9.0	7.0	10.0	5.0	2.0	3.0	1.0	1.0	0.0	3.0	0.0	1.0	1.0	1.0	1.0	0.0	7.0	11.0	9.0	1.0	4.0	1.0	0.0	0.0	0.0	1.0
	99	299	499	699	899	1099	1299	1499	1699	1899	2099	2299	2499	2699	2899	3099	3299	3499	3699	3899	4099	4299	4499	4699	4899	5099	5299	5499	5699	5899	6099	6299	6499	6685
AOJ447_pass_17d80546_8c1c4ab7_41	1.0	6.0	14.0	48.0	9.0	33.0	54.0	38.0	13.0	37.0	681.0	18.0	15.0	6.0	0.0	2.0	0.0	0.0	0.0	9.0	8.0	3.0	3.0	1.0	0.0	0.0	0.0	0.0	0.0	0.0	0.0	0.0	0.0	1.0
	99	299	499	699	899	1099	1299	1499	1699	1899	2099	2299	2499	2699	2899	3099	3299	3499	3699	3899	4099	4299	4499	4699	4899	5099	5299	5499	5699	5899	6099	6289
AOJ447_pass_17d80546_8c1c4ab7_42	2.0	4.0	16.0	36.0	7.0	27.0	33.0	30.0	18.0	37.0	690.0	31.0	21.0	5.0	1.0	5.0	1.0	3.0	2.0	8.0	9.0	6.0	4.0	0.0	0.0	0.0	1.0	1.0	0.0	0.0	0.0	2.0
	99	299	499	699	899	1099	1299	1499	1699	1899	2099	2299	2499	2699	2899	3099	3299	3499	3699	3899	4099	4299	4499	4699	4899	5099	5299	5499	5699	5899
AOJ447_pass_17d80546_8c1c4ab7_43	1.0	3.0	9.0	23.0	6.0	22.0	40.0	30.0	14.0	53.0	702.0	21.0	25.0	7.0	6.0	5.0	1.0	3.0	2.0	9.0	11.0	3.0	0.0	3.0	0.0	0.0	0.0	0.0	0.0	1.0
	299	499	699	899	1099	1299	1499	1699	1899	2099	2299	2499	2699	2899	3099	3299	3499	3699	3899	4099	4299	4499	4699	4899	5099	5299	5499	5699	5882
AOJ447_pass_17d80546_8c1c4ab7_44	2.0	13.0	19.0	5.0	30.0	53.0	41.0	17.0	51.0	688.0	20.0	19.0	7.0	0.0	1.0	1.0	1.0	2.0	12.0	9.0	3.0	0.0	1.0	1.0	1.0	0.0	2.0	0.0	1.0
	99	299	499	699	899	1099	1299	1499	1699	1899	2099	2299	2499	2699	2899	3099	3299	3499	3699	3899	4099	4299	4499	4699	4899	5099	5299	5499	5699	5899	6099	6299	6499	6699	6899	7099	7299	7499	7699	7899	8036
AOJ447_pass_17d80546_8c1c4ab7_45	2.0	1.0	13.0	18.0	7.0	24.0	27.0	32.0	22.0	46.0	706.0	27.0	15.0	8.0	4.0	2.0	3.0	2.0	2.0	13.0	20.0	1.0	3.0	0.0	0.0	0.0	0.0	0.0	0.0	0.0	1.0	0.0	0.0	0.0	0.0	0.0	0.0	0.0	0.0	0.0	1.0
	99	299	499	699	899	1099	1299	1499	1699	1899	2099	2299	2499	2699	2899	3099	3299	3499	3699	3899	4099	4299	4499	4699	4899	5099	5299	5499	5699	5865
AOJ447_pass_17d80546_8c1c4ab7_46	1.0	2.0	10.0	11.0	4.0	26.0	30.0	28.0	14.0	40.0	746.0	16.0	22.0	11.0	1.0	2.0	2.0	1.0	2.0	15.0	10.0	3.0	0.0	0.0	0.0	0.0	0.0	1.0	0.0	2.0
	99	299	499	699	899	1099	1299	1499	1699	1899	2099	2299	2499	2699	2899	3099	3299	3499	3699	3899	4099	4299	4499	4699	4899	5099	5299	5499	5699	5899	6099	6250
AOJ447_pass_17d80546_8c1c4ab7_47	1.0	1.0	19.0	34.0	10.0	24.0	48.0	29.0	17.0	55.0	671.0	22.0	17.0	14.0	6.0	0.0	2.0	1.0	1.0	9.0	13.0	3.0	1.0	0.0	0.0	0.0	1.0	0.0	0.0	0.0	0.0	1.0
	99	299	499	699	899	1099	1299	1499	1699	1899	2099	2299	2499	2699	2899	3099	3299	3499	3699	3899	4099	4299	4499	4699	4899	5099	5299	5498
AOJ447_pass_17d80546_8c1c4ab7_48	2.0	4.0	10.0	3.0	4.0	24.0	24.0	28.0	16.0	53.0	730.0	26.0	18.0	8.0	2.0	4.0	3.0	0.0	3.0	11.0	16.0	7.0	2.0	0.0	0.0	0.0	1.0	1.0
	99	299	499	699	899	1099	1299	1499	1699	1899	2099	2299	2499	2699	2899	3099	3299	3499	3699	3899	4099	4299	4499	4699	4899	5099	5238
AOJ447_pass_17d80546_8c1c4ab7_49	1.0	0.0	7.0	9.0	6.0	25.0	28.0	29.0	13.0	43.0	747.0	24.0	15.0	7.0	3.0	5.0	2.0	1.0	1.0	12.0	13.0	5.0	3.0	0.0	0.0	0.0	1.0
	299	499	699	899	1099	1299	1499	1699	1899	2099	2299	2499	2699	2899	3099	3299	3499	3699	3899	4099	4299	4499	4699	4899	5099	5299	5499	5699	5899	6099	6234
AOJ447_pass_17d80546_8c1c4ab7_5	1.0	2.0	4.0	5.0	31.0	30.0	33.0	15.0	33.0	768.0	24.0	17.0	5.0	0.0	2.0	1.0	0.0	2.0	10.0	12.0	0.0	2.0	0.0	0.0	1.0	0.0	0.0	0.0	1.0	0.0	1.0
	99	299	499	699	899	1099	1299	1499	1699	1899	2099	2299	2499	2699	2899	3099	3299	3499	3699	3899	4099	4299	4499	4699	4899	5099	5299	5499	5699	5899	6099	6299	6499	6699	6899	7099	7299	7499	7699	7899	8068
AOJ447_pass_17d80546_8c1c4ab7_50	1.0	6.0	18.0	67.0	11.0	29.0	84.0	34.0	21.0	39.0	593.0	13.0	22.0	11.0	8.0	7.0	0.0	2.0	5.0	8.0	12.0	2.0	3.0	0.0	0.0	0.0	1.0	0.0	0.0	0.0	2.0	0.0	0.0	0.0	0.0	0.0	0.0	0.0	0.0	0.0	1.0
	99	299	499	699	899	1099	1299	1499	1699	1899	2099	2299	2499	2699	2899	3099	3299	3499	3699	3899	4099	4299	4499	4699	4899	5099	5299	5499	5699	5899	6099	6299	6499	6679
AOJ447_pass_17d80546_8c1c4ab7_51	1.0	1.0	6.0	16.0	6.0	24.0	23.0	29.0	14.0	64.0	739.0	16.0	14.0	6.0	0.0	1.0	2.0	0.0	0.0	17.0	14.0	4.0	0.0	0.0	1.0	1.0	0.0	0.0	0.0	0.0	0.0	0.0	0.0	1.0
	99	299	499	699	899	1099	1299	1499	1699	1899	2099	2299	2499	2699	2899	3099	3299	3499	3699	3899	4099	4299	4499	4699	4899	5099	5299	5499	5699	5899	6013
AOJ447_pass_17d80546_8c1c4ab7_52	1.0	4.0	1.0	2.0	3.0	16.0	19.0	33.0	13.0	41.0	780.0	24.0	12.0	10.0	1.0	2.0	2.0	1.0	2.0	11.0	18.0	1.0	0.0	0.0	0.0	1.0	0.0	0.0	1.0	0.0	1.0
	149	249	349	449	549	649	749	849	949	1049	1149	1249	1349	1449	1549	1649	1749	1849	1949	2049	2149	2249	2349	2449	2549	2649	2749	2849	2949	3049	3149	3249	3349	3449	3549	3649	3749	3849	3949	4049	4149	4249	4349	4449	4549	4649	4749	4849	4949	5040
AOJ447_pass_17d80546_8c1c4ab7_53	2.0	0.0	1.0	3.0	1.0	3.0	8.0	0.0	0.0	3.0	13.0	10.0	17.0	14.0	12.0	9.0	5.0	7.0	42.0	701.0	49.0	14.0	4.0	12.0	12.0	3.0	4.0	2.0	1.0	0.0	1.0	1.0	1.0	1.0	1.0	1.0	2.0	0.0	15.0	10.0	9.0	3.0	1.0	0.0	0.0	0.0	0.0	0.0	1.0	1.0
	99	299	499	699	899	1099	1299	1499	1699	1899	2099	2299	2499	2699	2899	3099	3299	3499	3699	3899	4099	4299	4499	4699	4899	5099	5299	5499	5699	5899	6099	6299	6487
AOJ447_pass_17d80546_8c1c4ab7_54	1.0	2.0	7.0	4.0	3.0	27.0	30.0	27.0	14.0	55.0	737.0	21.0	19.0	8.0	2.0	1.0	0.0	2.0	1.0	13.0	16.0	3.0	2.0	2.0	0.0	2.0	0.0	0.0	0.0	0.0	0.0	0.0	1.0
	99	299	499	699	899	1099	1299	1499	1699	1899	2099	2299	2499	2699	2899	3099	3299	3499	3699	3899	4099	4299	4499	4699	4899	5099	5299	5499	5688
AOJ447_pass_17d80546_8c1c4ab7_55	1.0	0.0	5.0	5.0	2.0	17.0	24.0	20.0	9.0	64.0	773.0	24.0	20.0	2.0	1.0	2.0	0.0	0.0	1.0	12.0	10.0	4.0	2.0	1.0	0.0	0.0	0.0	0.0	1.0
	99	299	499	699	899	1099	1299	1499	1699	1899	2099	2299	2499	2699	2899	3099	3299	3499	3699	3899	4099	4299	4499	4699	4899	5099	5299	5499	5699	5837
AOJ447_pass_17d80546_8c1c4ab7_56	1.0	1.0	3.0	4.0	5.0	15.0	23.0	28.0	15.0	55.0	742.0	29.0	16.0	6.0	0.0	3.0	3.0	1.0	2.0	13.0	26.0	3.0	2.0	1.0	0.0	1.0	1.0	0.0	0.0	1.0
	299	499	699	899	1099	1299	1499	1699	1899	2099	2299	2499	2699	2899	3099	3299	3499	3699	3899	4099	4299	4499	4699	4899	5099	5299	5499	5699	5899	6099	6299	6499	6699	6829
AOJ447_pass_17d80546_8c1c4ab7_57	1.0	2.0	16.0	5.0	22.0	28.0	24.0	20.0	49.0	737.0	25.0	15.0	4.0	2.0	5.0	1.0	0.0	3.0	12.0	18.0	8.0	0.0	2.0	0.0	0.0	0.0	0.0	0.0	0.0	0.0	0.0	0.0	0.0	1.0
	99	299	499	699	899	1099	1299	1499	1699	1899	2099	2299	2499	2699	2899	3099	3299	3499	3699	3899	4099	4299	4499	4699	4899	5099	5299	5499	5699	5899	6099	6299	6499	6699	6899	7027
AOJ447_pass_17d80546_8c1c4ab7_58	3.0	6.0	18.0	52.0	10.0	27.0	64.0	28.0	17.0	54.0	629.0	25.0	10.0	14.0	3.0	2.0	2.0	1.0	3.0	15.0	10.0	2.0	0.0	1.0	0.0	0.0	0.0	0.0	0.0	2.0	0.0	0.0	0.0	0.0	1.0	1.0
	99	299	499	699	899	1099	1299	1499	1699	1899	2099	2299	2499	2699	2899	3099	3299	3499	3699	3899	4099	4299	4499	4699	4899	5099	5299	5499	5699	5883
AOJ447_pass_17d80546_8c1c4ab7_59	4.0	0.0	7.0	23.0	11.0	14.0	38.0	23.0	15.0	41.0	727.0	21.0	27.0	6.0	3.0	1.0	5.0	2.0	4.0	9.0	13.0	3.0	0.0	0.0	1.0	0.0	0.0	0.0	0.0	2.0
	299	499	699	899	1099	1299	1499	1699	1899	2099	2299	2499	2699	2899	3099	3299	3499	3699	3899	4099	4299	4499	4699	4899	5099	5299	5499	5699	5899	6099	6299	6499	6699	6899	7099	7299	7499	7699	7899	8099	8299	8499	8622
AOJ447_pass_17d80546_8c1c4ab7_6	2.0	1.0	1.0	5.0	29.0	21.0	37.0	16.0	44.0	747.0	22.0	11.0	4.0	4.0	7.0	3.0	1.0	1.0	14.0	12.0	7.0	2.0	1.0	0.0	4.0	1.0	0.0	0.0	1.0	0.0	0.0	0.0	1.0	0.0	0.0	0.0	0.0	0.0	0.0	0.0	0.0	0.0	1.0
	299	499	699	899	1099	1299	1499	1699	1899	2099	2299	2499	2699	2899	3099	3299	3499	3699	3899	4099	4299	4499	4699	4899	5099	5299	5499	5699	5899	6099	6214
AOJ447_pass_17d80546_8c1c4ab7_60	3.0	3.0	5.0	4.0	17.0	26.0	26.0	22.0	47.0	777.0	19.0	13.0	6.0	5.0	3.0	1.0	1.0	2.0	5.0	11.0	2.0	0.0	0.0	0.0	0.0	0.0	0.0	0.0	0.0	1.0	1.0
	99	299	499	699	899	1099	1299	1499	1699	1899	2099	2299	2499	2699	2899	3099	3299	3499	3699	3899	4099	4299	4499	4699	4899	5099	5299	5499	5699	5873
AOJ447_pass_17d80546_8c1c4ab7_61	1.0	3.0	8.0	11.0	3.0	31.0	31.0	31.0	6.0	33.0	748.0	26.0	24.0	3.0	2.0	2.0	4.0	1.0	1.0	11.0	13.0	3.0	1.0	1.0	1.0	0.0	0.0	0.0	0.0	1.0
	99	299	499	699	899	1099	1299	1499	1699	1899	2099	2299	2499	2699	2899	3099	3299	3499	3699	3899	4099	4299	4499	4699	4899	5099	5299	5499	5699	5887
AOJ447_pass_17d80546_8c1c4ab7_62	3.0	3.0	11.0	21.0	14.0	22.0	35.0	26.0	16.0	42.0	709.0	27.0	14.0	11.0	3.0	1.0	2.0	1.0	0.0	17.0	16.0	5.0	0.0	0.0	0.0	0.0	0.0	0.0	0.0	1.0
	99	299	499	699	899	1099	1299	1499	1699	1899	2099	2299	2499	2699	2899	3099	3299	3499	3699	3899	4099	4299	4499	4699	4899	5099	5299	5499	5699	5899	6099	6299	6499	6699	6899	7008
AOJ447_pass_17d80546_8c1c4ab7_63	1.0	4.0	11.0	20.0	11.0	48.0	41.0	27.0	16.0	51.0	672.0	27.0	17.0	8.0	1.0	5.0	2.0	3.0	2.0	11.0	16.0	2.0	0.0	0.0	0.0	1.0	1.0	0.0	0.0	0.0	0.0	1.0	0.0	0.0	0.0	1.0
	249	349	449	549	649	749	849	949	1049	1149	1249	1349	1449	1549	1649	1749	1849	1949	2049	2149	2249	2349	2449	2549	2649	2749	2849	2949	3049	3149	3249	3349	3449	3549	3649	3749	3849	3949	4049	4149	4249	4349	4449	4549	4649	4749	4849	4949	5049	5148
AOJ447_pass_17d80546_8c1c4ab7_64	2.0	2.0	2.0	12.0	1.0	29.0	0.0	3.0	4.0	16.0	19.0	20.0	11.0	13.0	8.0	2.0	13.0	36.0	661.0	52.0	13.0	9.0	15.0	5.0	3.0	2.0	2.0	0.0	2.0	2.0	1.0	2.0	0.0	0.0	2.0	0.0	1.0	13.0	7.0	7.0	2.0	1.0	1.0	0.0	2.0	1.0	0.0	0.0	0.0	1.0
	299	499	699	899	1099	1299	1499	1699	1899	2099	2299	2499	2699	2899	3099	3299	3499	3699	3899	4099	4299	4499	4699	4899	5099	5299	5499	5699	5899	6099	6299	6489
AOJ447_pass_17d80546_8c1c4ab7_65	2.0	7.0	7.0	8.0	26.0	30.0	28.0	18.0	40.0	744.0	16.0	20.0	10.0	3.0	3.0	3.0	1.0	1.0	11.0	14.0	4.0	2.0	0.0	0.0	0.0	1.0	0.0	0.0	0.0	0.0	0.0	1.0
	99	299	499	699	899	1099	1299	1499	1699	1899	2099	2299	2499	2699	2899	3099	3299	3499	3699	3899	4099	4299	4499	4699	4899	5099	5299	5499	5603
AOJ447_pass_17d80546_8c1c4ab7_66	2.0	2.0	20.0	60.0	14.0	29.0	77.0	32.0	16.0	56.0	601.0	19.0	15.0	11.0	2.0	3.0	2.0	0.0	2.0	14.0	14.0	6.0	1.0	0.0	1.0	0.0	0.0	0.0	1.0
	99	299	499	699	899	1099	1299	1499	1699	1899	2099	2299	2499	2699	2899	3099	3299	3499	3699	3899	4099	4299	4499	4699	4899	5099	5299	5499	5699	5899	6099	6261
AOJ447_pass_17d80546_8c1c4ab7_67	3.0	1.0	9.0	22.0	9.0	22.0	28.0	30.0	21.0	42.0	728.0	14.0	22.0	4.0	4.0	1.0	2.0	0.0	2.0	10.0	12.0	6.0	1.0	0.0	1.0	1.0	1.0	0.0	1.0	2.0	0.0	1.0
	99	299	499	699	899	1099	1299	1499	1699	1899	2099	2299	2499	2699	2899	3099	3299	3499	3699	3899	4099	4299	4499	4699	4899	5099	5299	5499	5699	5899	6099	6237
AOJ447_pass_17d80546_8c1c4ab7_68	2.0	2.0	5.0	5.0	4.0	34.0	17.0	30.0	19.0	50.0	749.0	33.0	9.0	5.0	2.0	2.0	1.0	2.0	0.0	11.0	11.0	4.0	0.0	0.0	1.0	0.0	0.0	1.0	0.0	0.0	0.0	1.0
	99	299	499	699	899	1099	1299	1499	1699	1899	2099	2299	2499	2699	2899	3099	3299	3499	3699	3899	4099	4299	4499	4699	4899	5099	5299	5499	5699	5899	6099	6299	6499	6699	6899	7099	7299	7499	7699	7865
AOJ447_pass_17d80546_8c1c4ab7_69	2.0	2.0	9.0	6.0	8.0	27.0	18.0	25.0	14.0	45.0	737.0	30.0	15.0	6.0	3.0	4.0	3.0	1.0	2.0	14.0	15.0	7.0	3.0	1.0	0.0	0.0	0.0	0.0	1.0	1.0	0.0	0.0	0.0	0.0	0.0	0.0	0.0	0.0	0.0	1.0
	299	499	699	899	1099	1299	1499	1699	1899	2099	2299	2499	2699	2899	3099	3299	3499	3699	3899	4099	4299	4499	4699	4899	5099	5299	5499	5699	5899	6052
AOJ447_pass_17d80546_8c1c4ab7_7	1.0	2.0	2.0	3.0	32.0	34.0	27.0	20.0	45.0	731.0	25.0	13.0	13.0	3.0	2.0	3.0	1.0	2.0	10.0	22.0	3.0	1.0	1.0	1.0	0.0	1.0	0.0	1.0	0.0	1.0
	299	499	699	899	1099	1299	1499	1699	1899	2099	2299	2499	2699	2899	3099	3299	3499	3699	3899	4099	4299	4499	4699	4899	5099	5299	5499	5699	5899	6099	6280
AOJ447_pass_17d80546_8c1c4ab7_70	2.0	2.0	11.0	5.0	23.0	23.0	27.0	19.0	57.0	741.0	22.0	13.0	5.0	1.0	1.0	0.0	2.0	3.0	13.0	18.0	6.0	0.0	1.0	1.0	0.0	1.0	1.0	0.0	1.0	0.0	1.0
	99	299	499	699	899	1099	1299	1499	1699	1899	2099	2299	2499	2699	2899	3099	3299	3499	3699	3899	4099	4299	4499	4699	4899	5099	5299	5499	5699	5899	6099	6299	6499	6699	6899	7099	7299	7499	7699	7852
AOJ447_pass_17d80546_8c1c4ab7_71	2.0	2.0	8.0	17.0	9.0	38.0	38.0	27.0	14.0	38.0	705.0	24.0	15.0	7.0	4.0	3.0	1.0	0.0	2.0	15.0	19.0	6.0	0.0	2.0	1.0	0.0	2.0	0.0	0.0	0.0	0.0	0.0	0.0	0.0	0.0	0.0	0.0	0.0	0.0	1.0
	99	299	499	699	899	1099	1299	1499	1699	1899	2099	2299	2499	2699	2899	3099	3299	3499	3699	3899	4099	4299	4499	4699	4899	5099	5299	5499	5699	5899	6099	6299	6499	6699	6899	7028
AOJ447_pass_17d80546_8c1c4ab7_72	2.0	0.0	7.0	9.0	10.0	22.0	27.0	30.0	12.0	58.0	744.0	23.0	13.0	5.0	3.0	1.0	2.0	2.0	1.0	12.0	8.0	4.0	1.0	0.0	1.0	0.0	0.0	1.0	0.0	1.0	0.0	0.0	0.0	0.0	0.0	1.0
	299	499	699	899	1099	1299	1499	1699	1899	2099	2299	2499	2699	2899	3099	3299	3499	3699	3899	4099	4299	4499	4699	4899	5099	5299	5499	5699	5899	6099	6200
AOJ447_pass_17d80546_8c1c4ab7_73	1.0	9.0	23.0	9.0	33.0	25.0	28.0	13.0	57.0	702.0	25.0	22.0	9.0	4.0	1.0	5.0	1.0	1.0	10.0	14.0	4.0	1.0	1.0	0.0	0.0	0.0	0.0	0.0	1.0	0.0	1.0
	99	299	499	699	899	1099	1299	1499	1699	1899	2099	2299	2499	2699	2899	3099	3299	3499	3699	3899	4099	4299	4499	4699	4899	5099	5299	5499	5699	5899	6099	6299
AOJ447_pass_17d80546_8c1c4ab7_74	4.0	3.0	21.0	54.0	16.0	32.0	89.0	27.0	15.0	43.0	597.0	28.0	22.0	14.0	3.0	1.0	2.0	3.0	3.0	9.0	7.0	4.0	0.0	0.0	0.0	0.0	0.0	1.0	1.0	0.0	0.0	1.0
	99	299	499	699	899	1099	1299	1499	1699	1899	2099	2299	2499	2699	2899	3099	3299	3499	3699	3899	4099	4299	4499	4699	4899	5099	5283
AOJ447_pass_17d80546_8c1c4ab7_75	1.0	1.0	3.0	1.0	3.0	32.0	21.0	20.0	18.0	40.0	770.0	16.0	17.0	6.0	2.0	3.0	1.0	0.0	1.0	20.0	18.0	4.0	0.0	0.0	1.0	0.0	1.0
	499	699	899	1099	1299	1499	1699	1899	2099	2299	2499	2699	2899	3099	3299	3499	3699	3899	4099	4299	4499	4699	4899	5099	5299	5499	5699	5899	6099	6299	6499	6699	6899	7099	7299	7499	7699	7899	8051
AOJ447_pass_17d80546_8c1c4ab7_76	2.0	5.0	3.0	23.0	24.0	25.0	11.0	40.0	758.0	27.0	15.0	8.0	4.0	1.0	0.0	3.0	2.0	26.0	14.0	2.0	3.0	0.0	1.0	1.0	0.0	0.0	1.0	0.0	0.0	0.0	0.0	0.0	0.0	0.0	0.0	0.0	0.0	0.0	1.0
	99	299	499	699	899	1099	1299	1499	1699	1899	2099	2299	2499	2699	2899	3099	3299	3499	3699	3899	4099	4299	4499	4699	4899	5099	5299	5499	5699	5899	6079
AOJ447_pass_17d80546_8c1c4ab7_77	1.0	1.0	4.0	9.0	4.0	26.0	27.0	21.0	17.0	42.0	752.0	25.0	18.0	5.0	2.0	1.0	1.0	2.0	3.0	15.0	11.0	4.0	2.0	3.0	2.0	0.0	0.0	0.0	0.0	0.0	2.0
	99	299	499	699	899	1099	1299	1499	1699	1899	2099	2299	2499	2699	2899	3099	3299	3499	3699	3899	4099	4299	4499	4699	4899	5099	5299	5499	5699	5899	6099	6255
AOJ447_pass_17d80546_8c1c4ab7_78	1.0	0.0	7.0	4.0	4.0	28.0	27.0	22.0	20.0	58.0	749.0	22.0	12.0	6.0	5.0	4.0	1.0	0.0	0.0	10.0	12.0	4.0	1.0	0.0	0.0	1.0	0.0	0.0	0.0	0.0	0.0	2.0
	499	699	899	1099	1299	1499	1699	1899	2099	2299	2499	2699	2899	3099	3299	3499	3699	3899	4099	4299	4499	4699	4899	5099	5299	5499	5699	5899	6071
AOJ447_pass_17d80546_8c1c4ab7_79	4.0	1.0	7.0	36.0	26.0	25.0	15.0	44.0	746.0	22.0	15.0	7.0	3.0	1.0	2.0	2.0	1.0	12.0	19.0	7.0	1.0	1.0	1.0	0.0	0.0	0.0	0.0	1.0	1.0
	99	299	499	699	899	1099	1299	1499	1699	1899	2099	2299	2499	2699	2899	3099	3299	3499	3699	3899	4099	4299	4499	4699	4899	5099	5299	5499	5699	5899	6099	6299	6499	6699	6899	7099	7299	7499	7699	7810
AOJ447_pass_17d80546_8c1c4ab7_8	2.0	1.0	2.0	3.0	6.0	25.0	36.0	28.0	20.0	41.0	729.0	28.0	15.0	12.0	2.0	2.0	2.0	2.0	1.0	10.0	22.0	8.0	1.0	0.0	0.0	0.0	0.0	0.0	0.0	0.0	0.0	0.0	0.0	1.0	0.0	0.0	0.0	0.0	0.0	1.0
	99	299	499	699	899	1099	1299	1499	1699	1899	2099	2299	2499	2699	2899	3099	3299	3499	3699	3899	4099	4299	4499	4699	4899	5099	5299	5499	5699	5899	6011
AOJ447_pass_17d80546_8c1c4ab7_80	1.0	0.0	4.0	3.0	7.0	20.0	24.0	39.0	11.0	53.0	749.0	28.0	20.0	10.0	1.0	2.0	2.0	2.0	0.0	6.0	11.0	1.0	2.0	1.0	2.0	0.0	0.0	0.0	0.0	0.0	1.0
	299	499	699	899	1099	1299	1499	1699	1899	2099	2299	2499	2699	2899	3099	3299	3499	3699	3899	4099	4299	4499	4699	4899	5099	5299	5499	5699	5899	6001
AOJ447_pass_17d80546_8c1c4ab7_81	1.0	8.0	14.0	4.0	24.0	33.0	28.0	13.0	53.0	738.0	29.0	11.0	6.0	6.0	1.0	3.0	1.0	2.0	11.0	11.0	1.0	0.0	1.0	0.0	0.0	0.0	0.0	0.0	0.0	1.0
	149	249	349	449	549	649	749	849	949	1049	1149	1249	1349	1449	1549	1649	1749	1849	1949	2049	2149	2249	2349	2449	2549	2649	2749	2849	2949	3049	3149	3249	3349	3449	3549	3649	3749	3849	3949	4049	4149	4249	4349	4404
AOJ447_pass_17d80546_8c1c4ab7_82	1.0	1.0	1.0	5.0	3.0	1.0	14.0	7.0	2.0	6.0	17.0	10.0	14.0	15.0	11.0	8.0	3.0	8.0	38.0	694.0	50.0	17.0	7.0	6.0	7.0	7.0	4.0	3.0	0.0	1.0	0.0	0.0	2.0	0.0	2.0	1.0	1.0	0.0	10.0	5.0	5.0	4.0	8.0	1.0
	99	299	499	699	899	1099	1299	1499	1699	1899	2099	2299	2499	2699	2899	3099	3299	3499	3699	3899	4099	4299	4499	4699	4899	5099	5299	5499	5699	5899	6099	6299	6499	6699	6899	7013
AOJ447_pass_17d80546_8c1c4ab7_83	1.0	2.0	6.0	6.0	6.0	31.0	15.0	27.0	7.0	51.0	752.0	17.0	22.0	5.0	1.0	1.0	1.0	1.0	1.0	15.0	19.0	6.0	3.0	3.0	0.0	0.0	0.0	0.0	0.0	0.0	0.0	0.0	0.0	0.0	0.0	1.0
	99	299	499	699	899	1099	1299	1499	1699	1899	2099	2299	2499	2699	2899	3099	3299	3499	3699	3899	4099	4299	4499	4699	4899	5099	5299	5499	5699	5899	6099	6299	6499	6699	6899	7099	7299	7499	7699	7899	8012
AOJ447_pass_17d80546_8c1c4ab7_84	1.0	0.0	5.0	1.0	3.0	25.0	18.0	23.0	13.0	51.0	753.0	25.0	16.0	11.0	3.0	3.0	1.0	1.0	0.0	16.0	18.0	7.0	1.0	1.0	1.0	0.0	1.0	0.0	0.0	0.0	0.0	1.0	0.0	0.0	0.0	0.0	0.0	0.0	0.0	0.0	1.0
	99	299	499	699	899	1099	1299	1499	1699	1899	2099	2299	2499	2699	2899	3099	3299	3499	3699	3899	4099	4299	4499	4699	4899	5099	5299	5499	5699	5899	6006
AOJ447_pass_17d80546_8c1c4ab7_85	1.0	1.0	13.0	32.0	4.0	35.0	36.0	31.0	18.0	55.0	693.0	21.0	13.0	4.0	1.0	2.0	1.0	1.0	3.0	7.0	14.0	6.0	5.0	1.0	0.0	0.0	1.0	0.0	0.0	0.0	1.0
	299	499	699	899	1099	1299	1499	1699	1899	2099	2299	2499	2699	2899	3099	3299	3499	3699	3899	4099	4299	4499	4699	4899	5099	5299	5499	5699	5899	6092
AOJ447_pass_17d80546_8c1c4ab7_86	1.0	11.0	18.0	8.0	30.0	45.0	29.0	10.0	56.0	712.0	20.0	10.0	7.0	2.0	2.0	2.0	1.0	1.0	14.0	14.0	4.0	0.0	0.0	2.0	0.0	0.0	0.0	0.0	0.0	1.0
	99	299	499	699	899	1099	1299	1499	1699	1899	2099	2299	2499	2699	2899	3099	3299	3499	3699	3899	4099	4299	4499	4699	4899	5099	5299	5499	5699	5899	6099	6299	6499	6601
AOJ447_pass_17d80546_8c1c4ab7_87	3.0	1.0	2.0	7.0	8.0	24.0	25.0	26.0	15.0	60.0	742.0	28.0	9.0	4.0	2.0	3.0	1.0	1.0	3.0	19.0	12.0	0.0	2.0	0.0	0.0	0.0	0.0	0.0	0.0	1.0	1.0	0.0	0.0	1.0
	299	499	699	899	1099	1299	1499	1699	1899	2099	2299	2499	2699	2899	3099	3299	3499	3699	3899	4099	4299	4499	4699	4899	5099	5299	5450
AOJ447_pass_17d80546_8c1c4ab7_88	2.0	10.0	13.0	4.0	26.0	23.0	25.0	8.0	54.0	747.0	18.0	10.0	6.0	3.0	0.0	2.0	3.0	3.0	13.0	22.0	2.0	0.0	3.0	1.0	0.0	0.0	2.0
	249	349	449	549	649	749	849	949	1049	1149	1249	1349	1449	1549	1649	1749	1849	1949	2049	2149	2249	2349	2449	2549	2649	2749	2849	2949	3049	3149	3249	3349	3449	3549	3649	3749	3849	3949	4049	4149	4249	4349	4449	4549	4649	4749	4849	4949	5049	5102
AOJ447_pass_17d80546_8c1c4ab7_89	2.0	0.0	1.0	11.0	2.0	32.0	4.0	11.0	9.0	21.0	27.0	17.0	13.0	15.0	10.0	9.0	6.0	40.0	642.0	43.0	6.0	12.0	9.0	9.0	3.0	4.0	0.0	2.0	0.0	0.0	2.0	0.0	1.0	0.0	0.0	1.0	0.0	13.0	11.0	2.0	1.0	3.0	1.0	1.0	0.0	1.0	0.0	1.0	1.0	1.0
	99	299	499	699	899	1099	1299	1499	1699	1899	2099	2299	2499	2699	2899	3099	3299	3499	3699	3899	4099	4299	4499	4699	4899	5099	5299	5499	5699	5870
AOJ447_pass_17d80546_8c1c4ab7_9	1.0	1.0	4.0	8.0	2.0	26.0	34.0	30.0	27.0	45.0	742.0	18.0	21.0	4.0	3.0	1.0	0.0	1.0	1.0	7.0	14.0	2.0	3.0	2.0	1.0	1.0	0.0	0.0	0.0	1.0
	99	299	499	699	899	1099	1299	1499	1699	1899	2099	2299	2499	2699	2899	3099	3299	3499	3699	3899	4099	4299	4499	4699	4899	5099	5299	5499	5699	5899	6099	6230
AOJ447_pass_17d80546_8c1c4ab7_90	2.0	1.0	7.0	9.0	6.0	28.0	31.0	21.0	12.0	57.0	744.0	26.0	18.0	3.0	2.0	4.0	0.0	1.0	1.0	10.0	10.0	4.0	0.0	1.0	0.0	1.0	0.0	0.0	0.0	0.0	0.0	1.0
	299	499	699	899	1099	1299	1499	1699	1899	2099	2299	2499	2699	2899	3099	3299	3499	3699	3899	4099	4299	4499	4699	4899	5099	5299	5499	5699	5892
AOJ447_pass_17d80546_8c1c4ab7_91	3.0	4.0	2.0	6.0	26.0	13.0	19.0	14.0	52.0	768.0	26.0	15.0	7.0	3.0	3.0	0.0	1.0	1.0	14.0	15.0	3.0	2.0	1.0	0.0	0.0	0.0	0.0	1.0	1.0
	299	499	699	899	1099	1299	1499	1699	1899	2099	2299	2499	2699	2899	3099	3299	3499	3699	3899	4099	4299	4499	4699	4899	5099	5299	5499	5699	5899	6017
AOJ447_pass_17d80546_8c1c4ab7_92	2.0	3.0	2.0	4.0	37.0	27.0	19.0	7.0	57.0	736.0	29.0	18.0	11.0	4.0	1.0	1.0	0.0	1.0	19.0	13.0	4.0	1.0	1.0	1.0	0.0	1.0	0.0	0.0	0.0	1.0
	99	299	499	699	899	1099	1299	1499	1699	1899	2099	2299	2499	2699	2899	3099	3299	3499	3699	3899	4099	4299	4499	4699	4899	5099	5299	5499	5699	5838
AOJ447_pass_17d80546_8c1c4ab7_93	1.0	1.0	3.0	6.0	4.0	29.0	34.0	20.0	11.0	40.0	757.0	22.0	19.0	6.0	5.0	5.0	1.0	2.0	2.0	14.0	11.0	3.0	1.0	0.0	0.0	0.0	1.0	1.0	0.0	1.0
	499	699	899	1099	1299	1499	1699	1899	2099	2299	2499	2699	2899	3099	3299	3499	3699	3899	4099	4299	4499	4699	4899	5099	5299	5499	5699	5844
AOJ447_pass_17d80546_8c1c4ab7_94	4.0	3.0	4.0	26.0	20.0	23.0	14.0	55.0	768.0	14.0	15.0	4.0	3.0	2.0	1.0	1.0	3.0	19.0	11.0	3.0	3.0	2.0	1.0	0.0	0.0	0.0	0.0	1.0
	99	299	499	699	899	1099	1299	1499	1699	1899	2099	2299	2499	2699	2899	3099	3299	3499	3699	3899	4099	4299	4499	4699	4899	5099	5299	5499	5621
AOJ447_pass_17d80546_8c1c4ab7_95	2.0	0.0	6.0	13.0	5.0	32.0	14.0	24.0	12.0	62.0	728.0	16.0	18.0	7.0	2.0	2.0	0.0	2.0	0.0	24.0	21.0	3.0	2.0	2.0	1.0	0.0	1.0	0.0	1.0
	249	349	449	549	649	749	849	949	1049	1149	1249	1349	1449	1549	1649	1749	1849	1949	2049	2149	2249	2349	2449	2549	2649	2749	2849	2949	3049	3149	3249	3349	3449	3549	3649	3749	3849	3949	4049	4149	4249	4349	4449	4549	4649	4749	4849	4949	5049	5147
AOJ447_pass_17d80546_8c1c4ab7_96	1.0	0.0	1.0	5.0	1.0	20.0	3.0	0.0	11.0	22.0	20.0	25.0	11.0	15.0	11.0	5.0	8.0	50.0	667.0	46.0	9.0	7.0	9.0	5.0	5.0	6.0	2.0	0.0	3.0	1.0	0.0	1.0	0.0	0.0	0.0	0.0	3.0	10.0	6.0	4.0	1.0	3.0	1.0	0.0	0.0	1.0	0.0	0.0	0.0	1.0
	249	349	449	549	649	749	849	949	1049	1149	1249	1349	1449	1549	1649	1749	1849	1949	2049	2149	2249	2349	2449	2549	2649	2749	2849	2949	3049	3149	3249	3349	3449	3549	3649	3749	3849	3949	4049	4149	4249	4349	4449	4549	4649	4743
AOJ447_pass_17d80546_8c1c4ab7_97	1.0	1.0	0.0	3.0	0.0	10.0	2.0	3.0	5.0	18.0	16.0	5.0	3.0	6.0	15.0	3.0	7.0	62.0	728.0	41.0	12.0	6.0	10.0	6.0	4.0	2.0	0.0	1.0	1.0	1.0	0.0	0.0	0.0	0.0	1.0	0.0	3.0	6.0	8.0	5.0	2.0	1.0	0.0	0.0	1.0	1.0
	149	249	349	449	549	649	749	849	949	1049	1149	1249	1349	1449	1549	1649	1749	1849	1949	2049	2149	2249	2349	2449	2549	2649	2749	2849	2949	3049	3149	3249	3349	3449	3549	3649	3749	3849	3949	4049	4149	4249	4349	4449	4506
AOJ447_pass_17d80546_8c1c4ab7_98	1.0	1.0	0.0	1.0	4.0	2.0	6.0	1.0	4.0	5.0	22.0	11.0	7.0	8.0	5.0	15.0	2.0	9.0	63.0	712.0	53.0	9.0	7.0	7.0	5.0	2.0	3.0	1.0	0.0	1.0	1.0	1.0	2.0	3.0	0.0	0.0	1.0	3.0	9.0	5.0	5.0	2.0	0.0	0.0	1.0
	99	299	499	699	899	1099	1299	1499	1699	1899	2099	2299	2499	2699	2899	3099	3299	3499	3699	3899	4099	4299	4499	4699	4899	5099	5299	5499	5699	5899	6099	6299	6413
AOJ447_pass_17d80546_8c1c4ab7_99	3.0	0.0	6.0	7.0	4.0	27.0	19.0	14.0	15.0	81.0	746.0	23.0	14.0	5.0	4.0	1.0	0.0	0.0	0.0	14.0	10.0	1.0	2.0	1.0	0.0	1.0	1.0	0.0	0.0	0.0	0.0	0.0	1.0

