	14.0	15.0	16.0	17.0	18.0	19.0	20.0	21.0	22.0	23.0	24.0	25.0	26.0	27.0
AOJ447_pass_17d80546_8c1c4ab7_0	7.0	37.0	53.0	73.0	66.0	87.0	105.0	101.0	100.0	146.0	146.0	66.0	11.0	2.0
	14.0	15.0	16.0	17.0	18.0	19.0	20.0	21.0	22.0	23.0	24.0	25.0	26.0	27.0
AOJ447_pass_17d80546_8c1c4ab7_1	4.0	27.0	55.0	70.0	84.0	78.0	58.0	100.0	114.0	148.0	156.0	73.0	30.0	3.0
	14.0	15.0	16.0	17.0	18.0	19.0	20.0	21.0	22.0	23.0	24.0	25.0	26.0	27.0
AOJ447_pass_17d80546_8c1c4ab7_10	5.0	37.0	46.0	83.0	67.0	70.0	85.0	115.0	117.0	148.0	158.0	54.0	14.0	1.0
	13.0	14.0	15.0	16.0	17.0	18.0	19.0	20.0	21.0	22.0	23.0	24.0
AOJ447_pass_17d80546_8c1c4ab7_100	4.0	64.0	97.0	96.0	84.0	108.0	132.0	138.0	115.0	51.0	19.0	3.0
	13.0	14.0	15.0	16.0	17.0	18.0	19.0	20.0	21.0	22.0	23.0	24.0	25.0	26.0	27.0
AOJ447_pass_17d80546_8c1c4ab7_11	1.0	8.0	30.0	54.0	82.0	80.0	86.0	86.0	92.0	112.0	145.0	135.0	65.0	21.0	3.0
	14.0	15.0	16.0	17.0	18.0	19.0	20.0	21.0	22.0	23.0	24.0	25.0	26.0	27.0
AOJ447_pass_17d80546_8c1c4ab7_12	7.0	26.0	52.0	66.0	82.0	92.0	87.0	113.0	121.0	149.0	114.0	75.0	15.0	1.0
	13.0	14.0	15.0	16.0	17.0	18.0	19.0	20.0	21.0	22.0	23.0	24.0	25.0	26.0	27.0
AOJ447_pass_17d80546_8c1c4ab7_13	1.0	6.0	27.0	61.0	72.0	91.0	91.0	97.0	95.0	117.0	141.0	121.0	64.0	15.0	1.0
	14.0	15.0	16.0	17.0	18.0	19.0	20.0	21.0	22.0	23.0	24.0	25.0	26.0	27.0
AOJ447_pass_17d80546_8c1c4ab7_14	6.0	26.0	56.0	66.0	68.0	88.0	83.0	108.0	126.0	143.0	154.0	55.0	18.0	3.0
	13.0	14.0	15.0	16.0	17.0	18.0	19.0	20.0	21.0	22.0	23.0	24.0	25.0	26.0	27.0
AOJ447_pass_17d80546_8c1c4ab7_15	1.0	12.0	38.0	56.0	65.0	95.0	73.0	88.0	118.0	135.0	136.0	113.0	57.0	12.0	1.0
	14.0	15.0	16.0	17.0	18.0	19.0	20.0	21.0	22.0	23.0	24.0	25.0	26.0	27.0	28.0	29.0	30.0	31.0	32.0	33.0	34.0
AOJ447_pass_17d80546_8c1c4ab7_16	10.0	37.0	57.0	74.0	74.0	82.0	85.0	113.0	117.0	153.0	124.0	53.0	17.0	2.0	0.0	0.0	1.0	0.0	0.0	0.0	1.0
	13.0	14.0	15.0	16.0	17.0	18.0	19.0	20.0	21.0	22.0	23.0	24.0	25.0	26.0
AOJ447_pass_17d80546_8c1c4ab7_17	1.0	11.0	33.0	46.0	74.0	80.0	96.0	77.0	101.0	127.0	178.0	115.0	49.0	12.0
	14.0	15.0	16.0	17.0	18.0	19.0	20.0	21.0	22.0	23.0	24.0	25.0	26.0	27.0
AOJ447_pass_17d80546_8c1c4ab7_18	8.0	41.0	44.0	80.0	69.0	80.0	79.0	117.0	135.0	155.0	117.0	53.0	21.0	1.0
	14.0	15.0	16.0	17.0	18.0	19.0	20.0	21.0	22.0	23.0	24.0	25.0	26.0
AOJ447_pass_17d80546_8c1c4ab7_19	8.0	27.0	63.0	75.0	85.0	87.0	95.0	116.0	132.0	146.0	103.0	55.0	8.0
	14.0	15.0	16.0	17.0	18.0	19.0	20.0	21.0	22.0	23.0	24.0	25.0	26.0	27.0
AOJ447_pass_17d80546_8c1c4ab7_2	8.0	38.0	66.0	66.0	77.0	73.0	80.0	103.0	127.0	141.0	152.0	54.0	11.0	4.0
	13.0	14.0	15.0	16.0	17.0	18.0	19.0	20.0	21.0	22.0	23.0	24.0	25.0	26.0
AOJ447_pass_17d80546_8c1c4ab7_20	1.0	14.0	37.0	57.0	58.0	87.0	79.0	81.0	120.0	140.0	135.0	120.0	58.0	13.0
	14.0	15.0	16.0	17.0	18.0	19.0	20.0	21.0	22.0	23.0	24.0	25.0	26.0	27.0	28.0	29.0	30.0	31.0	32.0	33.0
AOJ447_pass_17d80546_8c1c4ab7_21	8.0	25.0	48.0	65.0	100.0	89.0	84.0	98.0	129.0	169.0	125.0	50.0	8.0	1.0	0.0	0.0	0.0	0.0	0.0	1.0
	14.0	15.0	16.0	17.0	18.0	19.0	20.0	21.0	22.0	23.0	24.0	25.0	26.0	27.0
AOJ447_pass_17d80546_8c1c4ab7_22	12.0	43.0	70.0	64.0	77.0	103.0	88.0	118.0	127.0	128.0	111.0	45.0	13.0	1.0
	13.0	14.0	15.0	16.0	17.0	18.0	19.0	20.0	21.0	22.0	23.0	24.0	25.0	26.0	27.0
AOJ447_pass_17d80546_8c1c4ab7_23	1.0	17.0	29.0	62.0	88.0	85.0	88.0	101.0	87.0	116.0	136.0	112.0	67.0	10.0	1.0
	12.0	13.0	14.0	15.0	16.0	17.0	18.0	19.0	20.0	21.0	22.0	23.0	24.0	25.0	26.0
AOJ447_pass_17d80546_8c1c4ab7_24	1.0	0.0	13.0	31.0	63.0	76.0	81.0	84.0	80.0	107.0	150.0	150.0	111.0	44.0	9.0
	14.0	15.0	16.0	17.0	18.0	19.0	20.0	21.0	22.0	23.0	24.0	25.0	26.0	27.0
AOJ447_pass_17d80546_8c1c4ab7_25	11.0	30.0	42.0	63.0	65.0	84.0	100.0	127.0	138.0	171.0	120.0	41.0	7.0	1.0
	14.0	15.0	16.0	17.0	18.0	19.0	20.0	21.0	22.0	23.0	24.0	25.0	26.0	27.0
AOJ447_pass_17d80546_8c1c4ab7_26	11.0	40.0	54.0	90.0	66.0	76.0	89.0	110.0	133.0	161.0	108.0	51.0	10.0	1.0
	13.0	14.0	15.0	16.0	17.0	18.0	19.0	20.0	21.0	22.0	23.0	24.0	25.0	26.0	27.0	28.0
AOJ447_pass_17d80546_8c1c4ab7_27	1.0	5.0	27.0	56.0	83.0	70.0	80.0	92.0	106.0	129.0	161.0	118.0	62.0	9.0	0.0	1.0
	14.0	15.0	16.0	17.0	18.0	19.0	20.0	21.0	22.0	23.0	24.0	25.0	26.0
AOJ447_pass_17d80546_8c1c4ab7_28	11.0	38.0	52.0	86.0	69.0	87.0	92.0	104.0	141.0	141.0	118.0	52.0	9.0
	13.0	14.0	15.0	16.0	17.0	18.0	19.0	20.0	21.0	22.0	23.0	24.0	25.0	26.0
AOJ447_pass_17d80546_8c1c4ab7_29	1.0	5.0	31.0	56.0	71.0	83.0	79.0	93.0	111.0	132.0	163.0	108.0	60.0	7.0
	14.0	15.0	16.0	17.0	18.0	19.0	20.0	21.0	22.0	23.0	24.0	25.0	26.0	27.0
AOJ447_pass_17d80546_8c1c4ab7_3	6.0	30.0	57.0	71.0	88.0	76.0	79.0	103.0	119.0	146.0	137.0	73.0	13.0	2.0
	14.0	15.0	16.0	17.0	18.0	19.0	20.0	21.0	22.0	23.0	24.0	25.0	26.0	27.0	28.0	29.0	30.0	31.0
AOJ447_pass_17d80546_8c1c4ab7_30	9.0	33.0	55.0	57.0	75.0	85.0	98.0	98.0	146.0	149.0	120.0	59.0	15.0	0.0	0.0	0.0	0.0	1.0
	14.0	15.0	16.0	17.0	18.0	19.0	20.0	21.0	22.0	23.0	24.0	25.0	26.0	27.0	28.0	29.0	30.0	31.0
AOJ447_pass_17d80546_8c1c4ab7_31	8.0	30.0	55.0	57.0	68.0	63.0	99.0	117.0	138.0	163.0	139.0	50.0	11.0	0.0	1.0	0.0	0.0	1.0
	14.0	15.0	16.0	17.0	18.0	19.0	20.0	21.0	22.0	23.0	24.0	25.0	26.0	27.0
AOJ447_pass_17d80546_8c1c4ab7_32	7.0	29.0	48.0	75.0	80.0	84.0	92.0	102.0	117.0	164.0	127.0	64.0	10.0	1.0
	14.0	15.0	16.0	17.0	18.0	19.0	20.0	21.0	22.0	23.0	24.0	25.0	26.0	27.0
AOJ447_pass_17d80546_8c1c4ab7_33	10.0	28.0	50.0	65.0	84.0	96.0	93.0	110.0	122.0	167.0	110.0	43.0	19.0	3.0
	14.0	15.0	16.0	17.0	18.0	19.0	20.0	21.0	22.0	23.0	24.0	25.0	26.0
AOJ447_pass_17d80546_8c1c4ab7_34	14.0	33.0	61.0	58.0	81.0	61.0	87.0	105.0	141.0	170.0	126.0	53.0	10.0
	13.0	14.0	15.0	16.0	17.0	18.0	19.0	20.0	21.0	22.0	23.0	24.0	25.0	26.0
AOJ447_pass_17d80546_8c1c4ab7_35	2.0	10.0	36.0	59.0	67.0	72.0	81.0	82.0	116.0	142.0	168.0	111.0	51.0	3.0
	13.0	14.0	15.0	16.0	17.0	18.0	19.0	20.0	21.0	22.0	23.0	24.0	25.0	26.0
AOJ447_pass_17d80546_8c1c4ab7_36	2.0	14.0	41.0	45.0	82.0	81.0	82.0	82.0	119.0	132.0	148.0	116.0	48.0	8.0
	14.0	15.0	16.0	17.0	18.0	19.0	20.0	21.0	22.0	23.0	24.0	25.0	26.0	27.0	28.0	29.0	30.0	31.0
AOJ447_pass_17d80546_8c1c4ab7_37	15.0	34.0	63.0	79.0	74.0	86.0	88.0	97.0	126.0	163.0	112.0	52.0	10.0	0.0	0.0	0.0	0.0	1.0
	13.0	14.0	15.0	16.0	17.0	18.0	19.0	20.0	21.0	22.0	23.0	24.0	25.0	26.0	27.0
AOJ447_pass_17d80546_8c1c4ab7_38	1.0	11.0	31.0	57.0	87.0	81.0	91.0	93.0	104.0	140.0	136.0	103.0	53.0	11.0	1.0
	13.0	14.0	15.0	16.0	17.0	18.0	19.0	20.0	21.0	22.0	23.0	24.0	25.0	26.0	27.0
AOJ447_pass_17d80546_8c1c4ab7_39	1.0	18.0	39.0	71.0	93.0	96.0	119.0	109.0	117.0	120.0	107.0	81.0	26.0	1.0	2.0
	14.0	15.0	16.0	17.0	18.0	19.0	20.0	21.0	22.0	23.0	24.0	25.0	26.0
AOJ447_pass_17d80546_8c1c4ab7_4	4.0	32.0	51.0	65.0	76.0	70.0	79.0	99.0	126.0	157.0	148.0	80.0	13.0
	13.0	14.0	15.0	16.0	17.0	18.0	19.0	20.0	21.0	22.0	23.0	24.0	25.0	26.0	27.0
AOJ447_pass_17d80546_8c1c4ab7_40	1.0	11.0	42.0	65.0	85.0	71.0	101.0	110.0	126.0	138.0	132.0	81.0	29.0	7.0	1.0
	14.0	15.0	16.0	17.0	18.0	19.0	20.0	21.0	22.0	23.0	24.0	25.0	26.0
AOJ447_pass_17d80546_8c1c4ab7_41	16.0	40.0	76.0	77.0	87.0	90.0	98.0	123.0	126.0	139.0	89.0	36.0	3.0
	13.0	14.0	15.0	16.0	17.0	18.0	19.0	20.0	21.0	22.0	23.0	24.0	25.0	26.0
AOJ447_pass_17d80546_8c1c4ab7_42	3.0	16.0	38.0	68.0	77.0	86.0	93.0	109.0	122.0	121.0	127.0	104.0	28.0	8.0
	13.0	14.0	15.0	16.0	17.0	18.0	19.0	20.0	21.0	22.0	23.0	24.0	25.0	26.0
AOJ447_pass_17d80546_8c1c4ab7_43	3.0	9.0	45.0	81.0	85.0	100.0	87.0	102.0	133.0	147.0	115.0	67.0	24.0	2.0
	13.0	14.0	15.0	16.0	17.0	18.0	19.0	20.0	21.0	22.0	23.0	24.0	25.0	26.0
AOJ447_pass_17d80546_8c1c4ab7_44	5.0	7.0	45.0	72.0	87.0	115.0	94.0	93.0	115.0	155.0	110.0	75.0	19.0	8.0
	13.0	14.0	15.0	16.0	17.0	18.0	19.0	20.0	21.0	22.0	23.0	24.0	25.0	26.0	27.0
AOJ447_pass_17d80546_8c1c4ab7_45	1.0	14.0	48.0	72.0	77.0	88.0	111.0	100.0	124.0	139.0	115.0	87.0	22.0	1.0	1.0
	13.0	14.0	15.0	16.0	17.0	18.0	19.0	20.0	21.0	22.0	23.0	24.0	25.0	26.0
AOJ447_pass_17d80546_8c1c4ab7_46	3.0	17.0	33.0	71.0	73.0	88.0	102.0	115.0	113.0	151.0	122.0	75.0	29.0	8.0
	13.0	14.0	15.0	16.0	17.0	18.0	19.0	20.0	21.0	22.0	23.0	24.0	25.0	26.0	27.0
AOJ447_pass_17d80546_8c1c4ab7_47	4.0	8.0	39.0	66.0	76.0	107.0	101.0	110.0	110.0	139.0	123.0	92.0	19.0	5.0	1.0
	13.0	14.0	15.0	16.0	17.0	18.0	19.0	20.0	21.0	22.0	23.0	24.0	25.0	26.0
AOJ447_pass_17d80546_8c1c4ab7_48	1.0	11.0	53.0	68.0	94.0	86.0	102.0	93.0	118.0	140.0	121.0	77.0	29.0	7.0
	14.0	15.0	16.0	17.0	18.0	19.0	20.0	21.0	22.0	23.0	24.0	25.0	26.0	27.0	28.0	29.0	30.0	31.0	32.0
AOJ447_pass_17d80546_8c1c4ab7_49	19.0	52.0	90.0	82.0	103.0	99.0	94.0	122.0	117.0	129.0	64.0	25.0	3.0	0.0	0.0	0.0	0.0	0.0	1.0
	14.0	15.0	16.0	17.0	18.0	19.0	20.0	21.0	22.0	23.0	24.0	25.0	26.0	27.0	28.0	29.0	30.0
AOJ447_pass_17d80546_8c1c4ab7_5	6.0	22.0	54.0	60.0	72.0	76.0	75.0	98.0	133.0	154.0	162.0	73.0	13.0	1.0	0.0	0.0	1.0
	13.0	14.0	15.0	16.0	17.0	18.0	19.0	20.0	21.0	22.0	23.0	24.0	25.0	26.0
AOJ447_pass_17d80546_8c1c4ab7_50	1.0	22.0	61.0	96.0	95.0	89.0	108.0	113.0	118.0	142.0	89.0	55.0	9.0	2.0
	13.0	14.0	15.0	16.0	17.0	18.0	19.0	20.0	21.0	22.0	23.0	24.0	25.0	26.0
AOJ447_pass_17d80546_8c1c4ab7_51	2.0	7.0	65.0	77.0	81.0	90.0	109.0	106.0	158.0	147.0	105.0	40.0	12.0	1.0
	14.0	15.0	16.0	17.0	18.0	19.0	20.0	21.0	22.0	23.0	24.0	25.0	26.0
AOJ447_pass_17d80546_8c1c4ab7_52	10.0	54.0	78.0	84.0	93.0	112.0	130.0	134.0	147.0	105.0	47.0	3.0	3.0
	14.0	15.0	16.0	17.0	18.0	19.0	20.0	21.0	22.0	23.0	24.0	25.0	26.0
AOJ447_pass_17d80546_8c1c4ab7_53	7.0	53.0	67.0	77.0	91.0	86.0	122.0	156.0	170.0	104.0	43.0	20.0	4.0
	14.0	15.0	16.0	17.0	18.0	19.0	20.0	21.0	22.0	23.0	24.0	25.0	26.0
AOJ447_pass_17d80546_8c1c4ab7_54	13.0	45.0	104.0	84.0	99.0	79.0	120.0	134.0	150.0	108.0	50.0	13.0	1.0
	13.0	14.0	15.0	16.0	17.0	18.0	19.0	20.0	21.0	22.0	23.0	24.0	25.0	26.0
AOJ447_pass_17d80546_8c1c4ab7_55	1.0	13.0	50.0	65.0	68.0	110.0	120.0	124.0	140.0	151.0	101.0	46.0	10.0	1.0
	14.0	15.0	16.0	17.0	18.0	19.0	20.0	21.0	22.0	23.0	24.0	25.0	26.0
AOJ447_pass_17d80546_8c1c4ab7_56	12.0	49.0	76.0	94.0	78.0	95.0	120.0	143.0	170.0	106.0	45.0	10.0	2.0
	14.0	15.0	16.0	17.0	18.0	19.0	20.0	21.0	22.0	23.0	24.0	25.0
AOJ447_pass_17d80546_8c1c4ab7_57	15.0	48.0	63.0	106.0	87.0	111.0	157.0	156.0	137.0	84.0	27.0	9.0
	13.0	14.0	15.0	16.0	17.0	18.0	19.0	20.0	21.0	22.0	23.0	24.0	25.0	26.0
AOJ447_pass_17d80546_8c1c4ab7_58	2.0	18.0	47.0	76.0	76.0	94.0	136.0	139.0	157.0	141.0	73.0	33.0	6.0	2.0
	14.0	15.0	16.0	17.0	18.0	19.0	20.0	21.0	22.0	23.0	24.0	25.0
AOJ447_pass_17d80546_8c1c4ab7_59	8.0	52.0	87.0	95.0	131.0	106.0	126.0	141.0	143.0	73.0	34.0	4.0
	14.0	15.0	16.0	17.0	18.0	19.0	20.0	21.0	22.0	23.0	24.0	25.0	26.0	27.0
AOJ447_pass_17d80546_8c1c4ab7_6	7.0	28.0	46.0	55.0	83.0	76.0	77.0	95.0	132.0	156.0	143.0	80.0	20.0	2.0
	14.0	15.0	16.0	17.0	18.0	19.0	20.0	21.0	22.0	23.0	24.0	25.0
AOJ447_pass_17d80546_8c1c4ab7_60	15.0	50.0	65.0	91.0	96.0	98.0	125.0	144.0	168.0	103.0	39.0	6.0
	13.0	14.0	15.0	16.0	17.0	18.0	19.0	20.0	21.0	22.0	23.0	24.0	25.0
AOJ447_pass_17d80546_8c1c4ab7_61	1.0	15.0	66.0	87.0	101.0	86.0	116.0	113.0	146.0	135.0	90.0	36.0	8.0
	13.0	14.0	15.0	16.0	17.0	18.0	19.0	20.0	21.0	22.0	23.0	24.0	25.0
AOJ447_pass_17d80546_8c1c4ab7_62	3.0	12.0	60.0	73.0	85.0	93.0	119.0	109.0	143.0	150.0	111.0	39.0	3.0
	13.0	14.0	15.0	16.0	17.0	18.0	19.0	20.0	21.0	22.0	23.0	24.0	25.0	26.0
AOJ447_pass_17d80546_8c1c4ab7_63	2.0	18.0	50.0	80.0	88.0	105.0	101.0	117.0	122.0	135.0	105.0	62.0	13.0	2.0
	13.0	14.0	15.0	16.0	17.0	18.0	19.0	20.0	21.0	22.0	23.0	24.0	25.0	26.0
AOJ447_pass_17d80546_8c1c4ab7_64	1.0	19.0	60.0	71.0	88.0	93.0	114.0	128.0	153.0	130.0	94.0	39.0	9.0	1.0
	13.0	14.0	15.0	16.0	17.0	18.0	19.0	20.0	21.0	22.0	23.0	24.0	25.0	26.0
AOJ447_pass_17d80546_8c1c4ab7_65	1.0	13.0	55.0	78.0	76.0	87.0	103.0	113.0	126.0	145.0	133.0	61.0	8.0	1.0
	13.0	14.0	15.0	16.0	17.0	18.0	19.0	20.0	21.0	22.0	23.0	24.0	25.0	26.0	27.0	28.0	29.0	30.0	31.0	32.0
AOJ447_pass_17d80546_8c1c4ab7_66	1.0	21.0	55.0	71.0	100.0	106.0	102.0	109.0	137.0	121.0	98.0	57.0	19.0	2.0	0.0	0.0	0.0	0.0	0.0	1.0
	13.0	14.0	15.0	16.0	17.0	18.0	19.0	20.0	21.0	22.0	23.0	24.0	25.0	26.0
AOJ447_pass_17d80546_8c1c4ab7_67	2.0	11.0	50.0	92.0	83.0	91.0	120.0	137.0	143.0	148.0	79.0	34.0	8.0	2.0
	13.0	14.0	15.0	16.0	17.0	18.0	19.0	20.0	21.0	22.0	23.0	24.0	25.0
AOJ447_pass_17d80546_8c1c4ab7_68	1.0	23.0	47.0	87.0	71.0	89.0	102.0	140.0	158.0	130.0	110.0	36.0	6.0
	12.0	13.0	14.0	15.0	16.0	17.0	18.0	19.0	20.0	21.0	22.0	23.0	24.0	25.0	26.0	27.0	28.0	29.0	30.0	31.0	32.0	33.0	34.0	35.0	36.0	37.0	38.0	39.0	40.0	41.0	42.0	43.0	44.0	45.0	46.0	47.0	48.0	49.0	50.0	51.0	52.0	53.0	54.0	55.0	56.0	57.0	58.0	59.0	60.0	61.0	62.0	63.0	64.0	65.0	66.0	67.0	68.0	69.0	70.0	71.0	72.0	73.0	74.0	75.0	76.0	77.0	78.0
AOJ447_pass_17d80546_8c1c4ab7_69	1.0	0.0	14.0	68.0	80.0	92.0	83.0	104.0	135.0	138.0	148.0	89.0	34.0	12.0	0.0	1.0	0.0	0.0	0.0	0.0	0.0	0.0	0.0	0.0	0.0	0.0	0.0	0.0	0.0	0.0	0.0	0.0	0.0	0.0	0.0	0.0	0.0	0.0	0.0	0.0	0.0	0.0	0.0	0.0	0.0	0.0	0.0	0.0	0.0	0.0	0.0	0.0	0.0	0.0	0.0	0.0	0.0	0.0	0.0	0.0	0.0	0.0	0.0	0.0	0.0	0.0	1.0
	14.0	15.0	16.0	17.0	18.0	19.0	20.0	21.0	22.0	23.0	24.0	25.0	26.0	27.0
AOJ447_pass_17d80546_8c1c4ab7_7	8.0	27.0	43.0	72.0	73.0	75.0	85.0	104.0	136.0	157.0	132.0	72.0	14.0	2.0
	13.0	14.0	15.0	16.0	17.0	18.0	19.0	20.0	21.0	22.0	23.0	24.0	25.0	26.0
AOJ447_pass_17d80546_8c1c4ab7_70	1.0	19.0	51.0	63.0	91.0	90.0	94.0	146.0	142.0	151.0	106.0	34.0	8.0	4.0
	13.0	14.0	15.0	16.0	17.0	18.0	19.0	20.0	21.0	22.0	23.0	24.0	25.0	26.0	27.0
AOJ447_pass_17d80546_8c1c4ab7_71	2.0	17.0	54.0	81.0	87.0	80.0	76.0	134.0	140.0	142.0	114.0	60.0	12.0	0.0	1.0
	13.0	14.0	15.0	16.0	17.0	18.0	19.0	20.0	21.0	22.0	23.0	24.0	25.0	26.0
AOJ447_pass_17d80546_8c1c4ab7_72	2.0	13.0	36.0	79.0	59.0	81.0	98.0	126.0	126.0	181.0	119.0	66.0	13.0	1.0
	13.0	14.0	15.0	16.0	17.0	18.0	19.0	20.0	21.0	22.0	23.0	24.0	25.0
AOJ447_pass_17d80546_8c1c4ab7_73	1.0	17.0	41.0	77.0	76.0	89.0	119.0	121.0	136.0	153.0	111.0	51.0	8.0
	13.0	14.0	15.0	16.0	17.0	18.0	19.0	20.0	21.0	22.0	23.0	24.0	25.0	26.0	27.0	28.0	29.0
AOJ447_pass_17d80546_8c1c4ab7_74	2.0	27.0	60.0	78.0	98.0	102.0	116.0	126.0	132.0	124.0	78.0	42.0	12.0	2.0	0.0	0.0	1.0
	13.0	14.0	15.0	16.0	17.0	18.0	19.0	20.0	21.0	22.0	23.0	24.0	25.0
AOJ447_pass_17d80546_8c1c4ab7_75	2.0	13.0	40.0	79.0	95.0	93.0	108.0	132.0	161.0	147.0	92.0	30.0	8.0
	13.0	14.0	15.0	16.0	17.0	18.0	19.0	20.0	21.0	22.0	23.0	24.0	25.0
AOJ447_pass_17d80546_8c1c4ab7_76	2.0	13.0	57.0	72.0	95.0	90.0	95.0	124.0	161.0	152.0	84.0	45.0	10.0
	14.0	15.0	16.0	17.0	18.0	19.0	20.0	21.0	22.0	23.0	24.0	25.0	26.0
AOJ447_pass_17d80546_8c1c4ab7_77	13.0	41.0	79.0	83.0	101.0	97.0	125.0	157.0	139.0	114.0	41.0	8.0	2.0
	13.0	14.0	15.0	16.0	17.0	18.0	19.0	20.0	21.0	22.0	23.0	24.0	25.0	26.0
AOJ447_pass_17d80546_8c1c4ab7_78	1.0	16.0	38.0	78.0	86.0	86.0	102.0	138.0	127.0	149.0	110.0	50.0	18.0	1.0
	13.0	14.0	15.0	16.0	17.0	18.0	19.0	20.0	21.0	22.0	23.0	24.0	25.0
AOJ447_pass_17d80546_8c1c4ab7_79	1.0	10.0	49.0	71.0	73.0	111.0	105.0	128.0	155.0	153.0	96.0	38.0	10.0
	14.0	15.0	16.0	17.0	18.0	19.0	20.0	21.0	22.0	23.0	24.0	25.0	26.0	27.0	28.0	29.0	30.0
AOJ447_pass_17d80546_8c1c4ab7_8	6.0	33.0	41.0	75.0	72.0	59.0	107.0	91.0	123.0	163.0	132.0	79.0	16.0	1.0	0.0	1.0	1.0
	14.0	15.0	16.0	17.0	18.0	19.0	20.0	21.0	22.0	23.0	24.0	25.0
AOJ447_pass_17d80546_8c1c4ab7_80	15.0	57.0	78.0	76.0	101.0	95.0	156.0	160.0	127.0	96.0	29.0	10.0
	13.0	14.0	15.0	16.0	17.0	18.0	19.0	20.0	21.0	22.0	23.0	24.0	25.0
AOJ447_pass_17d80546_8c1c4ab7_81	1.0	18.0	57.0	71.0	78.0	116.0	133.0	159.0	158.0	108.0	80.0	20.0	1.0
	13.0	14.0	15.0	16.0	17.0	18.0	19.0	20.0	21.0	22.0	23.0	24.0	25.0
AOJ447_pass_17d80546_8c1c4ab7_82	2.0	18.0	64.0	83.0	97.0	112.0	133.0	160.0	147.0	111.0	53.0	16.0	4.0
	13.0	14.0	15.0	16.0	17.0	18.0	19.0	20.0	21.0	22.0	23.0	24.0	25.0	26.0
AOJ447_pass_17d80546_8c1c4ab7_83	1.0	20.0	67.0	91.0	106.0	112.0	139.0	128.0	156.0	101.0	51.0	22.0	5.0	1.0
	13.0	14.0	15.0	16.0	17.0	18.0	19.0	20.0	21.0	22.0	23.0	24.0	25.0	26.0
AOJ447_pass_17d80546_8c1c4ab7_84	1.0	24.0	67.0	76.0	90.0	122.0	122.0	147.0	136.0	120.0	75.0	18.0	1.0	1.0
	13.0	14.0	15.0	16.0	17.0	18.0	19.0	20.0	21.0	22.0	23.0	24.0	25.0
AOJ447_pass_17d80546_8c1c4ab7_85	5.0	19.0	77.0	94.0	90.0	120.0	109.0	148.0	135.0	106.0	69.0	24.0	4.0
	13.0	14.0	15.0	16.0	17.0	18.0	19.0	20.0	21.0	22.0	23.0	24.0	25.0
AOJ447_pass_17d80546_8c1c4ab7_86	1.0	23.0	66.0	79.0	91.0	116.0	142.0	118.0	165.0	124.0	57.0	14.0	4.0
	11.0	12.0	13.0	14.0	15.0	16.0	17.0	18.0	19.0	20.0	21.0	22.0	23.0	24.0	25.0
AOJ447_pass_17d80546_8c1c4ab7_87	1.0	0.0	0.0	17.0	54.0	105.0	87.0	114.0	138.0	140.0	156.0	114.0	48.0	22.0	4.0
	13.0	14.0	15.0	16.0	17.0	18.0	19.0	20.0	21.0	22.0	23.0	24.0	25.0	26.0
AOJ447_pass_17d80546_8c1c4ab7_88	1.0	28.0	84.0	76.0	81.0	110.0	138.0	133.0	149.0	107.0	70.0	16.0	6.0	1.0
	13.0	14.0	15.0	16.0	17.0	18.0	19.0	20.0	21.0	22.0	23.0	24.0	25.0	26.0	27.0	28.0	29.0	30.0
AOJ447_pass_17d80546_8c1c4ab7_89	3.0	28.0	71.0	76.0	104.0	106.0	127.0	143.0	124.0	123.0	67.0	21.0	4.0	1.0	0.0	0.0	0.0	2.0
	14.0	15.0	16.0	17.0	18.0	19.0	20.0	21.0	22.0	23.0	24.0	25.0	26.0	27.0	28.0	29.0	30.0	31.0	32.0	33.0	34.0	35.0	36.0	37.0	38.0	39.0	40.0	41.0	42.0
AOJ447_pass_17d80546_8c1c4ab7_9	7.0	37.0	44.0	72.0	80.0	106.0	88.0	103.0	129.0	138.0	123.0	63.0	6.0	3.0	0.0	0.0	0.0	0.0	0.0	0.0	0.0	0.0	0.0	0.0	0.0	0.0	0.0	0.0	1.0
	12.0	13.0	14.0	15.0	16.0	17.0	18.0	19.0	20.0	21.0	22.0	23.0	24.0	25.0
AOJ447_pass_17d80546_8c1c4ab7_90	1.0	5.0	29.0	73.0	96.0	109.0	109.0	130.0	135.0	137.0	105.0	48.0	20.0	3.0
	14.0	15.0	16.0	17.0	18.0	19.0	20.0	21.0	22.0	23.0	24.0	25.0
AOJ447_pass_17d80546_8c1c4ab7_91	20.0	66.0	100.0	95.0	106.0	120.0	150.0	129.0	125.0	63.0	25.0	1.0
	13.0	14.0	15.0	16.0	17.0	18.0	19.0	20.0	21.0	22.0	23.0	24.0	25.0	26.0
AOJ447_pass_17d80546_8c1c4ab7_92	1.0	23.0	58.0	74.0	112.0	106.0	130.0	150.0	149.0	122.0	59.0	13.0	2.0	1.0
	12.0	13.0	14.0	15.0	16.0	17.0	18.0	19.0	20.0	21.0	22.0	23.0	24.0
AOJ447_pass_17d80546_8c1c4ab7_93	1.0	3.0	25.0	57.0	86.0	93.0	112.0	159.0	154.0	144.0	112.0	43.0	11.0
	13.0	14.0	15.0	16.0	17.0	18.0	19.0	20.0	21.0	22.0	23.0	24.0	25.0	26.0	27.0	28.0	29.0	30.0	31.0	32.0	33.0	34.0
AOJ447_pass_17d80546_8c1c4ab7_94	1.0	23.0	61.0	105.0	110.0	117.0	168.0	150.0	145.0	84.0	28.0	6.0	0.0	0.0	0.0	0.0	1.0	0.0	0.0	0.0	0.0	1.0
	13.0	14.0	15.0	16.0	17.0	18.0	19.0	20.0	21.0	22.0	23.0	24.0
AOJ447_pass_17d80546_8c1c4ab7_95	1.0	32.0	85.0	92.0	134.0	139.0	139.0	139.0	122.0	84.0	28.0	5.0
	13.0	14.0	15.0	16.0	17.0	18.0	19.0	20.0	21.0	22.0	23.0	24.0	25.0	26.0	27.0	28.0	29.0	30.0	31.0	32.0	33.0	34.0	35.0	36.0	37.0	38.0	39.0	40.0	41.0	42.0	43.0	44.0	45.0	46.0	47.0	48.0	49.0	50.0	51.0	52.0
AOJ447_pass_17d80546_8c1c4ab7_96	3.0	40.0	84.0	111.0	124.0	165.0	138.0	129.0	111.0	64.0	23.0	7.0	0.0	0.0	0.0	0.0	0.0	0.0	0.0	0.0	0.0	0.0	0.0	0.0	0.0	0.0	0.0	0.0	0.0	0.0	0.0	0.0	0.0	0.0	0.0	0.0	0.0	0.0	0.0	1.0
	12.0	13.0	14.0	15.0	16.0	17.0	18.0	19.0	20.0	21.0	22.0	23.0	24.0
AOJ447_pass_17d80546_8c1c4ab7_97	1.0	1.0	30.0	99.0	104.0	129.0	158.0	152.0	135.0	101.0	60.0	25.0	5.0
	13.0	14.0	15.0	16.0	17.0	18.0	19.0	20.0	21.0	22.0	23.0	24.0
AOJ447_pass_17d80546_8c1c4ab7_98	1.0	35.0	96.0	120.0	111.0	154.0	162.0	140.0	109.0	56.0	14.0	2.0
	13.0	14.0	15.0	16.0	17.0	18.0	19.0	20.0	21.0	22.0	23.0	24.0	25.0	26.0	27.0	28.0	29.0	30.0	31.0	32.0	33.0	34.0	35.0	36.0	37.0	38.0	39.0	40.0	41.0	42.0	43.0	44.0	45.0	46.0	47.0	48.0	49.0	50.0
AOJ447_pass_17d80546_8c1c4ab7_99	6.0	55.0	127.0	150.0	155.0	169.0	145.0	112.0	59.0	18.0	2.0	0.0	0.0	1.0	0.0	0.0	0.0	0.0	0.0	0.0	0.0	0.0	0.0	0.0	0.0	0.0	0.0	0.0	0.0	0.0	0.0	0.0	0.0	0.0	0.0	0.0	0.0	1.0

